0.00000 0.00000 0.00000 0.00000 24.0000 
0.00000 0.00000 0.00000 0.00000 24.0000 
0.00250000 0.000306124 0.362866 1.12081 24.0000 
0.00500000 0.00235932 1.37974 2.08217 24.0000 
0.00750000 0.00766074 2.94380 2.88512 24.0000 
0.0100000 0.0174475 4.95095 3.53385 24.0000 
0.0125000 0.0327015 7.30156 4.03516 24.0000 
0.0150000 0.0541632 9.90199 4.39803 24.0000 
0.0175000 0.0823473 12.6657 4.63313 24.0000 
0.0200000 0.117562 15.5141 4.75235 24.0000 
0.0225000 0.159930 18.3773 4.76843 24.0000 
0.0250000 0.209410 21.1941 4.69456 24.0000 
0.0275000 0.265818 23.9123 4.54408 24.0000 
0.0300000 0.328853 26.4887 4.33013 24.0000 
0.0325000 0.398115 28.8887 4.06548 24.0000 
0.0350000 0.473127 31.0857 3.76224 24.0000 
0.0375000 0.553358 33.0610 3.43175 24.0000 
0.0400000 0.638237 34.8028 3.08440 24.0000 
0.0425000 0.727173 36.3057 2.72960 24.0000 
0.0450000 0.819567 37.5701 2.37566 24.0000 
0.0475000 0.914829 38.6010 2.02977 24.0000 
0.0500000 1.01238 39.4077 1.69804 24.0000 
0.0525000 1.11169 40.0031 1.38546 24.0000 
0.0550000 1.21224 40.4024 1.09599 24.0000 
0.0575000 1.31355 40.6232 0.832580 24.0000 
0.0600000 1.41522 40.6844 0.597252 24.0000 
0.0625000 1.51686 40.6055 0.391191 24.0000 
0.0650000 1.61815 40.4067 0.214817 24.0000 
0.0675000 1.71881 40.1077 0.0678819 24.0000 
0.0700000 1.81862 39.7279 -0.0504379 24.0000 
0.0725000 1.91740 39.2857 -0.141450 24.0000 
0.0750000 2.01501 38.7984 -0.206855 24.0000 
0.0775000 2.11136 38.2821 -0.248661 24.0000 
0.0800000 2.20641 37.7512 -0.269097 24.0000 
0.0825000 2.30012 37.2186 -0.270546 24.0000 
0.0850000 2.39251 36.6955 -0.255467 24.0000 
0.0875000 2.48361 36.1916 -0.226341 24.0000 
0.0900000 2.57349 35.7146 -0.185613 24.0000 
0.0925000 2.66221 35.2710 -0.135645 24.0000 
0.0950000 2.74988 34.8655 -0.0786843 24.0000 
0.0975000 2.83658 34.5015 -0.0168245 24.0000 
0.100000 2.92242 34.1812 0.0480126 24.0000 
0.102500 3.00752 33.9053 0.114096 24.0000 
0.105000 3.09198 33.6737 0.179896 24.0000 
0.107500 3.17592 33.4855 0.244090 24.0000 
0.110000 3.25945 33.3389 0.305561 24.0000 
0.112500 3.34265 33.2313 0.363395 24.0000 
0.115000 3.42563 33.1600 0.416875 24.0000 
0.117500 3.50848 33.1216 0.465465 24.0000 
0.120000 3.59127 33.1126 0.508802 24.0000 
0.122500 3.67406 33.1294 0.546680 24.0000 
0.125000 3.75693 33.1682 0.579032 24.0000 
0.127500 3.83992 33.2252 0.605913 24.0000 
0.130000 3.92307 33.2971 0.627486 24.0000 
0.132500 4.00641 33.3802 0.644001 24.0000 
0.135000 4.08998 33.4715 0.655780 24.0000 
0.137500 4.17378 33.5679 0.663201 24.0000 
0.140000 4.25782 33.6669 0.666681 24.0000 
0.142500 4.34211 33.7659 0.666667 24.0000 
0.145000 4.42665 33.8631 0.663617 24.0000 
0.147500 4.51142 33.9565 0.657991 24.0000 
0.150000 4.59642 34.0448 0.650245 24.0000 
0.152500 4.68164 34.1267 0.640816 24.0000 
0.155000 4.76705 34.2016 0.630120 24.0000 
0.157500 4.85264 34.2686 0.618544 24.0000 
0.160000 4.93839 34.3276 0.606444 24.0000 
0.162500 5.02427 34.3782 0.594138 24.0000 
0.165000 5.11027 34.4206 0.581907 24.0000 
0.167500 5.19637 34.4549 0.569995 24.0000 
0.170000 5.28254 34.4816 0.558605 24.0000 
0.172500 5.36877 34.5010 0.547906 24.0000 
0.175000 5.45504 34.5137 0.538027 24.0000 
0.177500 5.54133 34.5204 0.529065 24.0000 
0.180000 5.62764 34.5216 0.521085 24.0000 
0.182500 5.71394 34.5181 0.514124 24.0000 
0.185000 5.80022 34.5105 0.508191 24.0000 
0.187500 5.88649 34.4997 0.503274 24.0000 
0.190000 5.97272 34.4861 0.499342 24.0000 
0.192500 6.05892 34.4704 0.496347 24.0000 
0.195000 6.14507 34.4534 0.494228 24.0000 
0.197500 6.23118 34.4353 0.492913 24.0000 
0.200000 6.31725 34.4169 0.492325 24.0000 
0.202500 6.40327 34.3985 0.492380 24.0000 
0.205000 6.48924 34.3805 0.492992 24.0000 
0.207500 6.57517 34.3631 0.494077 24.0000 
0.210000 6.66106 34.3468 0.495549 24.0000 
0.212500 6.74691 34.3317 0.497327 24.0000 
0.215000 6.83272 34.3179 0.499335 24.0000 
0.217500 6.91850 34.3055 0.501500 24.0000 
0.220000 7.00425 34.2947 0.503758 24.0000 
0.222500 7.08997 34.2854 0.506049 24.0000 
0.225000 7.17567 34.2776 0.508322 24.0000 
0.227500 7.26136 34.2713 0.510533 24.0000 
0.230000 7.34703 34.2665 0.512643 24.0000 
0.232500 7.43269 34.2630 0.514622 24.0000 
0.235000 7.51835 34.2607 0.516446 24.0000 
0.237500 7.60400 34.2596 0.518099 24.0000 
0.240000 7.68965 34.2594 0.519568 24.0000 
0.242500 7.77530 34.2602 0.520847 24.0000 
0.245000 7.86095 34.2616 0.521935 24.0000 
0.247500 7.94660 34.2637 0.522834 24.0000 
0.250000 8.03227 34.2663 0.523551 24.0000 
0.252500 8.11794 34.2692 0.524094 24.0000 
0.255000 8.20361 34.2724 0.524475 24.0000 
0.257500 8.28930 34.2758 0.524707 24.0000 
0.260000 8.37499 34.2792 0.524806 24.0000 
0.262500 8.46069 34.2826 0.524786 24.0000 
0.265000 8.54641 34.2860 0.524663 24.0000 
0.267500 8.63212 34.2892 0.524455 24.0000 
0.270000 8.71785 34.2922 0.524175 24.0000 
0.272500 8.80359 34.2950 0.523840 24.0000 
0.275000 8.88933 34.2976 0.523463 24.0000 
0.277500 8.97507 34.2998 0.523058 24.0000 
0.280000 9.06082 34.3018 0.522637 24.0000 
0.282500 9.14658 34.3035 0.522211 24.0000 
0.285000 9.23234 34.3049 0.521788 24.0000 
0.287500 9.31811 34.3061 0.521378 24.0000 
0.290000 9.40387 34.3070 0.520987 24.0000 
0.292500 9.48964 34.3076 0.520621 24.0000 
0.295000 9.57541 34.3080 0.520284 24.0000 
0.297500 9.66118 34.3082 0.519980 24.0000 
0.300000 9.74695 34.3082 0.519709 24.0000 
0.302500 9.83272 34.3081 0.519474 24.0000 
0.305000 9.91849 34.3078 0.519275 24.0000 
0.307500 10.0043 34.3074 0.519110 24.0000 
0.310000 10.0900 34.3069 0.518980 24.0000 
0.312500 10.1758 34.3063 0.518881 24.0000 
0.315000 10.2616 34.3058 0.518813 24.0000 
0.317500 10.3473 34.3051 0.518772 24.0000 
0.320000 10.4331 34.3045 0.518756 24.0000 
0.322500 10.5188 34.3038 0.518761 24.0000 
0.325000 10.6046 34.3032 0.518785 24.0000 
0.327500 10.6904 34.3026 0.518826 24.0000 
0.330000 10.7761 34.3021 0.518879 24.0000 
0.332500 10.8619 34.3016 0.518942 24.0000 
0.335000 10.9476 34.3011 0.519012 24.0000 
0.337500 11.0334 34.3007 0.519088 24.0000 
0.340000 11.1191 34.3003 0.519167 24.0000 
0.342500 11.2049 34.3000 0.519246 24.0000 
0.345000 11.2906 34.2997 0.519325 24.0000 
0.347500 11.3764 34.2995 0.519401 24.0000 
0.350000 11.4621 34.2994 0.519473 24.0000 
0.352500 11.5479 34.2992 0.519541 24.0000 
0.355000 11.6336 34.2992 0.519603 24.0000 
0.357500 11.7194 34.2991 0.519659 24.0000 
0.360000 11.8051 34.2991 0.519709 24.0000 
0.362500 11.8909 34.2992 0.519752 24.0000 
0.365000 11.9766 34.2992 0.519789 24.0000 
0.367500 12.0624 34.2993 0.519819 24.0000 
0.370000 12.1481 34.2994 0.519842 24.0000 
0.372500 12.2339 34.2995 0.519860 24.0000 
0.375000 12.3196 34.2996 0.519872 24.0000 
0.377500 12.4054 34.2997 0.519880 24.0000 
0.380000 12.4911 34.2998 0.519882 24.0000 
0.382500 12.5769 34.3000 0.519881 24.0000 
0.385000 12.6626 34.3001 0.519876 24.0000 
0.387500 12.7484 34.3002 0.519869 24.0000 
0.390000 12.8341 34.3003 0.519858 24.0000 
0.392500 12.9199 34.3004 0.519847 24.0000 
0.395000 13.0056 34.3005 0.519833 24.0000 
0.397500 13.0914 34.3006 0.519819 24.0000 
0.400000 13.1771 34.3006 0.519805 24.0000 
0.402500 13.2629 34.3007 0.519790 24.0000 
0.405000 13.3486 34.3007 0.519775 24.0000 
0.407500 13.4344 34.3008 0.519761 24.0000 
0.410000 13.5201 34.3008 0.519748 24.0000 
0.412500 13.6059 34.3008 0.519735 24.0000 
0.415000 13.6916 34.3008 0.519724 24.0000 
0.417500 13.7774 34.3008 0.519713 24.0000 
0.420000 13.8631 34.3008 0.519704 24.0000 
0.422500 13.9489 34.3008 0.519696 24.0000 
0.425000 14.0346 34.3008 0.519690 24.0000 
0.427500 14.1204 34.3008 0.519684 24.0000 
0.430000 14.2061 34.3008 0.519680 24.0000 
0.432500 14.2919 34.3008 0.519676 24.0000 
0.435000 14.3776 34.3007 0.519674 24.0000 
0.437500 14.4634 34.3007 0.519673 24.0000 
0.440000 14.5491 34.3007 0.519673 24.0000 
0.442500 14.6349 34.3007 0.519673 24.0000 
0.445000 14.7206 34.3007 0.519674 24.0000 
0.447500 14.8064 34.3006 0.519675 24.0000 
0.450000 14.8922 34.3006 0.519677 24.0000 
0.452500 14.9779 34.3006 0.519679 24.0000 
0.455000 15.0637 34.3006 0.519682 24.0000 
0.457500 15.1494 34.3006 0.519685 24.0000 
0.460000 15.2352 34.3006 0.519687 24.0000 
0.462500 15.3209 34.3005 0.519690 24.0000 
0.465000 15.4067 34.3005 0.519693 24.0000 
0.467500 15.4924 34.3005 0.519695 24.0000 
0.470000 15.5782 34.3005 0.519698 24.0000 
0.472500 15.6639 34.3005 0.519700 24.0000 
0.475000 15.7497 34.3005 0.519702 24.0000 
0.477500 15.8354 34.3005 0.519704 24.0000 
0.480000 15.9212 34.3005 0.519706 24.0000 
0.482500 16.0069 34.3005 0.519707 24.0000 
0.485000 16.0927 34.3005 0.519709 24.0000 
0.487500 16.1784 34.3005 0.519710 24.0000 
0.490000 16.2642 34.3005 0.519710 24.0000 
0.492500 16.3499 34.3005 0.519711 24.0000 
0.495000 16.4357 34.3005 0.519711 24.0000 
0.497500 16.5214 34.3005 0.519712 24.0000 
