0.00000 1.57080 0.00000 0.00000 0.00000 1.53081e-17 0.250000 3.06162e-17 0.500000
0.00000 1.57080 0.00000 0.00000 0.00000 1.53081e-17 0.250000 3.06162e-17 0.500000 1.57080 0.00000 3.06162e-17 0.500000
0.0220000 1.48763 0.219127 -2.34497 5.53720 0.0207679 0.249136 -0.0131174 0.496829 1.47740 0.178765 0.00200000 0.498000
0.0440000 1.45697 0.272634 -1.88698 3.31671 0.0283940 0.248382 -0.0111423 0.495236 1.43641 0.252640 0.00400000 0.496000
0.0660000 1.42040 0.326231 -1.60240 2.06871 0.0374581 0.247178 -0.00627397 0.493323 1.39674 0.321774 0.00650000 0.493500
0.0880000 1.38487 0.370676 -1.59266 1.92711 0.0462139 0.245691 0.000288354 0.491437 1.36965 0.367702 0.00850000 0.491500
0.110000 1.35055 0.411922 -1.52111 1.83074 0.0546164 0.243961 0.00698924 0.489383 1.33935 0.417918 0.0110000 0.489000
0.132000 1.31822 0.451177 -1.41561 1.73883 0.0624744 0.242068 0.0131496 0.487154 1.31711 0.453991 0.0130000 0.487000
0.154000 1.28832 0.488429 -1.30233 1.64661 0.0696832 0.240092 0.0185577 0.484809 1.29623 0.487301 0.0150000 0.485000
0.176000 1.26088 0.523610 -1.19437 1.55178 0.0762454 0.238090 0.0232281 0.482403 1.27162 0.525845 0.0175000 0.482500
0.198000 1.23567 0.556729 -1.09923 1.45961 0.0822212 0.236093 0.0272719 0.479979 1.25291 0.554651 0.0195000 0.480500
0.220000 1.21240 0.587898 -1.01963 1.37568 0.0876943 0.234115 0.0308223 0.477560 1.23053 0.588554 0.0220000 0.478000
0.242000 1.19071 0.617292 -0.953712 1.29841 0.0927491 0.232159 0.0340011 0.475158 1.21330 0.614232 0.0240000 0.476000
0.264000 1.17034 0.645106 -0.900362 1.23137 0.0974599 0.230221 0.0369060 0.472776 1.19660 0.638793 0.0260000 0.474000
0.286000 1.15103 0.671532 -0.856701 1.17230 0.101887 0.228296 0.0396095 0.470414 1.17637 0.668107 0.0285000 0.471500
0.308000 1.13259 0.696739 -0.820583 1.12021 0.106079 0.226378 0.0421640 0.468070 1.16064 0.690568 0.0305000 0.469500
0.330000 1.11488 0.720873 -0.790563 1.07486 0.110072 0.224464 0.0446062 0.465740 1.14148 0.717542 0.0330000 0.467000
0.352000 1.09778 0.744053 -0.764648 1.03333 0.113894 0.222549 0.0469623 0.463423 1.12651 0.738320 0.0350000 0.465000
0.374000 1.08120 0.766376 -0.742485 0.996526 0.117567 0.220631 0.0492510 0.461116 1.11183 0.758448 0.0370000 0.463000
0.396000 1.06509 0.787924 -0.723044 0.962861 0.121107 0.218708 0.0514861 0.458818 1.09385 0.782768 0.0395000 0.460500
0.418000 1.04937 0.808762 -0.705823 0.931845 0.124529 0.216778 0.0536785 0.456528 1.07973 0.801603 0.0415000 0.458500
0.440000 1.03402 0.828947 -0.690674 0.903681 0.127843 0.214840 0.0558363 0.454245 1.06239 0.824429 0.0440000 0.456000
0.462000 1.01898 0.848527 -0.676828 0.876805 0.131060 0.212893 0.0579663 0.451969 1.04874 0.842156 0.0460000 0.454000
0.484000 1.00422 0.867544 -0.664522 0.852169 0.134186 0.210936 0.0600740 0.449699 1.03528 0.859437 0.0480000 0.452000
0.506000 0.989729 0.886034 -0.653339 0.828962 0.137229 0.208969 0.0621639 0.447434 1.01869 0.880450 0.0505000 0.449500
0.528000 0.975469 0.904028 -0.643136 0.807044 0.140195 0.206991 0.0642397 0.445174 1.00560 0.896817 0.0525000 0.447500
0.550000 0.961423 0.921556 -0.633969 0.786714 0.143088 0.205002 0.0663043 0.442918 0.989448 0.916753 0.0550000 0.445000
0.572000 0.947572 0.938644 -0.625363 0.766953 0.145914 0.203000 0.0683603 0.440667 0.976678 0.932306 0.0570000 0.443000
0.594000 0.933900 0.955313 -0.617591 0.748528 0.148676 0.200986 0.0704098 0.438419 0.964038 0.947523 0.0590000 0.441000
0.616000 0.920394 0.971585 -0.610393 0.730909 0.151377 0.198960 0.0724545 0.436176 0.948407 0.966095 0.0615000 0.438500
0.638000 0.907039 0.987479 -0.603709 0.714035 0.154020 0.196921 0.0744959 0.433935 0.936030 0.980610 0.0635000 0.436500
0.660000 0.893826 1.00301 -0.597632 0.698170 0.156609 0.194868 0.0765351 0.431698 0.920708 0.998343 0.0660000 0.434000
0.682000 0.880743 1.01820 -0.591813 0.682575 0.159145 0.192803 0.0785731 0.429464 0.908563 1.01221 0.0680000 0.432000
0.704000 0.867782 1.03305 -0.586503 0.667858 0.161630 0.190724 0.0806106 0.427232 0.896513 1.02582 0.0700000 0.430000
0.726000 0.854934 1.04759 -0.581517 0.653636 0.164067 0.188632 0.0826485 0.425002 0.881576 1.04246 0.0725000 0.427500
0.748000 0.842193 1.06181 -0.576826 0.639881 0.166457 0.186526 0.0846872 0.422775 0.869722 1.05549 0.0745000 0.425500
0.770000 0.829551 1.07575 -0.572526 0.626811 0.168802 0.184407 0.0867272 0.420551 0.855017 1.07144 0.0770000 0.423000
0.792000 0.817002 1.08939 -0.568340 0.613870 0.171103 0.182274 0.0887689 0.418328 0.843339 1.08393 0.0790000 0.421000
0.814000 0.804541 1.10276 -0.564492 0.601538 0.173360 0.180128 0.0908125 0.416107 0.831733 1.09620 0.0810000 0.419000
0.836000 0.792163 1.11586 -0.560838 0.589529 0.175577 0.177968 0.0928583 0.413887 0.817322 1.11123 0.0835000 0.416500
0.858000 0.779863 1.12870 -0.557363 0.577827 0.177752 0.175795 0.0949064 0.411669 0.805868 1.12302 0.0855000 0.414500
0.880000 0.767637 1.14129 -0.554156 0.566611 0.179888 0.173609 0.0969571 0.409453 0.791638 1.13746 0.0880000 0.412000
0.902000 0.755481 1.15363 -0.550989 0.555452 0.181986 0.171410 0.0990104 0.407238 0.780321 1.14878 0.0900000 0.410000
0.924000 0.743391 1.16574 -0.548059 0.544729 0.184044 0.169197 0.101066 0.405025 0.769062 1.15991 0.0920000 0.408000
0.946000 0.731365 1.17760 -0.545248 0.534225 0.186066 0.166972 0.103125 0.402812 0.755064 1.17355 0.0945000 0.405500
0.968000 0.719399 1.18924 -0.542548 0.523931 0.188050 0.164733 0.105187 0.400601 0.743926 1.18425 0.0965000 0.403500
0.990000 0.707491 1.20066 -0.540040 0.513990 0.189999 0.162482 0.107251 0.398391 0.730073 1.19736 0.0990000 0.401000
1.01200 0.695639 1.21186 -0.537530 0.504069 0.191911 0.160219 0.109318 0.396182 0.719046 1.20765 0.101000 0.399000
1.03400 0.683839 1.22284 -0.535192 0.494467 0.193788 0.157943 0.111388 0.393973 0.708065 1.21776 0.103000 0.397000
1.05600 0.672090 1.23361 -0.532927 0.485016 0.195631 0.155656 0.113460 0.391766 0.694403 1.23016 0.105500 0.394500
1.07800 0.660389 1.24418 -0.530729 0.475712 0.197438 0.153356 0.115535 0.389559 0.683522 1.23989 0.107500 0.392500
1.10000 0.648736 1.25455 -0.528673 0.466667 0.199212 0.151045 0.117613 0.387353 0.669979 1.25181 0.110000 0.390000
1.12200 0.637129 1.26471 -0.526590 0.457624 0.200952 0.148722 0.119693 0.385148 0.659191 1.26117 0.112000 0.388000
1.14400 0.625565 1.27469 -0.524634 0.448817 0.202658 0.146389 0.121776 0.382944 0.648443 1.27036 0.114000 0.386000
1.16600 0.614044 1.28446 -0.522720 0.440115 0.204331 0.144044 0.123862 0.380740 0.635061 1.28163 0.116500 0.383500
1.18800 0.602565 1.29405 -0.520844 0.431518 0.205971 0.141689 0.125950 0.378537 0.624397 1.29046 0.118500 0.381500
1.21000 0.591126 1.30345 -0.519073 0.423109 0.207578 0.139324 0.128040 0.376334 0.611119 1.30129 0.121000 0.379000
1.23200 0.579727 1.31267 -0.517258 0.414697 0.209153 0.136949 0.130132 0.374132 0.600536 1.30978 0.123000 0.377000
1.25400 0.568366 1.32170 -0.515538 0.406456 0.210695 0.134564 0.132227 0.371930 0.589988 1.31812 0.125000 0.375000
1.27600 0.557043 1.33055 -0.513838 0.398292 0.212206 0.132170 0.134324 0.369729 0.576850 1.32833 0.127500 0.372500
1.29800 0.545757 1.33923 -0.512155 0.390201 0.213684 0.129766 0.136423 0.367528 0.566378 1.33633 0.129500 0.370500
1.32000 0.534508 1.34772 -0.510548 0.382245 0.215130 0.127354 0.138524 0.365328 0.553333 1.34613 0.132000 0.368000
1.34200 0.523294 1.35604 -0.508888 0.374288 0.216544 0.124934 0.140627 0.363128 0.542933 1.35380 0.134000 0.366000
1.36400 0.512116 1.36419 -0.507296 0.366452 0.217927 0.122506 0.142732 0.360929 0.532565 1.36133 0.136000 0.364000
1.38600 0.500973 1.37217 -0.505706 0.358670 0.219279 0.120070 0.144839 0.358730 0.519649 1.37054 0.138500 0.361500
1.40800 0.489865 1.37997 -0.504118 0.350942 0.220599 0.117627 0.146948 0.356531 0.509351 1.37776 0.140500 0.359500
1.43000 0.478791 1.38761 -0.502583 0.343307 0.221888 0.115177 0.149058 0.354333 0.496521 1.38657 0.143000 0.357000
1.45200 0.467752 1.39508 -0.500987 0.335675 0.223146 0.112720 0.151171 0.352135 0.486292 1.39347 0.145000 0.355000
1.47400 0.456747 1.40238 -0.499438 0.328126 0.224373 0.110258 0.153285 0.349938 0.476093 1.40023 0.147000 0.353000
1.49600 0.445777 1.40952 -0.497879 0.320616 0.225569 0.107790 0.155400 0.347740 0.463387 1.40848 0.149500 0.350500
1.51800 0.434841 1.41649 -0.496307 0.313144 0.226734 0.105316 0.157517 0.345544 0.453257 1.41493 0.151500 0.348500
1.54000 0.423939 1.42330 -0.494769 0.305732 0.227869 0.102838 0.159636 0.343347 0.440636 1.42280 0.154000 0.346000
1.56200 0.413072 1.42994 -0.493165 0.298331 0.228973 0.100356 0.161757 0.341151 0.430573 1.42894 0.156000 0.344000
1.58400 0.402239 1.43642 -0.491590 0.290981 0.230047 0.0978700 0.163878 0.338954 0.420540 1.43495 0.158000 0.342000
1.60600 0.391442 1.44274 -0.489992 0.283660 0.231090 0.0953804 0.166001 0.336759 0.408043 1.44228 0.160500 0.339500
1.62800 0.380680 1.44890 -0.488371 0.276367 0.232103 0.0928879 0.168126 0.334563 0.398079 1.44799 0.162500 0.337500
1.65000 0.369953 1.45490 -0.486767 0.269105 0.233086 0.0903930 0.170252 0.332368 0.385668 1.45494 0.165000 0.335000
1.67200 0.359263 1.46074 -0.485094 0.261865 0.234039 0.0878961 0.172379 0.330173 0.375774 1.46035 0.167000 0.333000
1.69400 0.348609 1.46643 -0.483432 0.254649 0.234962 0.0853977 0.174508 0.327978 0.365912 1.46563 0.169000 0.331000
1.71600 0.337992 1.47195 -0.481739 0.247455 0.235856 0.0828984 0.176638 0.325784 0.353629 1.47204 0.171500 0.328500
1.73800 0.327413 1.47731 -0.480013 0.240283 0.236719 0.0803986 0.178769 0.323589 0.343839 1.47702 0.173500 0.326500
1.76000 0.316871 1.48252 -0.478290 0.233119 0.237554 0.0778988 0.180901 0.321395 0.331647 1.48307 0.176000 0.324000
1.78200 0.306369 1.48757 -0.476493 0.225988 0.238359 0.0753997 0.183034 0.319201 0.321932 1.48776 0.178000 0.322000
1.80400 0.295906 1.49247 -0.474695 0.218860 0.239135 0.0729016 0.185169 0.317008 0.312249 1.49232 0.180000 0.320000
1.82600 0.285483 1.49720 -0.472856 0.211749 0.239881 0.0704051 0.187305 0.314814 0.300194 1.49783 0.182500 0.317500
1.84800 0.275100 1.50178 -0.470977 0.204655 0.240599 0.0679109 0.189442 0.312621 0.290590 1.50210 0.184500 0.315500
1.87000 0.264760 1.50621 -0.469087 0.197551 0.241289 0.0654193 0.191580 0.310428 0.278634 1.50725 0.187000 0.313000
1.89200 0.254461 1.51048 -0.467122 0.190491 0.241950 0.0629310 0.193719 0.308235 0.269110 1.51123 0.189000 0.311000
1.91400 0.244206 1.51459 -0.465141 0.183416 0.242582 0.0604466 0.195859 0.306042 0.259622 1.51507 0.191000 0.309000
1.93600 0.233995 1.51855 -0.463115 0.176356 0.243187 0.0579665 0.198001 0.303849 0.247815 1.51970 0.193500 0.306500
1.95800 0.223830 1.52235 -0.461040 0.169312 0.243764 0.0554913 0.200143 0.301656 0.238413 1.52325 0.195500 0.304500
1.98000 0.213710 1.52599 -0.458943 0.162240 0.244313 0.0530217 0.202286 0.299464 0.226715 1.52752 0.198000 0.302000
2.00200 0.203637 1.52949 -0.456770 0.155226 0.244834 0.0505581 0.204430 0.297272 0.217401 1.53079 0.200000 0.300000
2.02400 0.193612 1.53282 -0.454571 0.148182 0.245329 0.0481012 0.206576 0.295079 0.208128 1.53392 0.202000 0.298000
2.04600 0.183636 1.53601 -0.452319 0.141152 0.245797 0.0456515 0.208722 0.292887 0.196595 1.53767 0.204500 0.295500
2.06800 0.173710 1.53904 -0.450015 0.134136 0.246238 0.0432095 0.210869 0.290695 0.187416 1.54052 0.206500 0.293500
2.09000 0.163836 1.54191 -0.447677 0.127080 0.246652 0.0407759 0.213017 0.288503 0.176003 1.54390 0.209000 0.291000
2.11200 0.154013 1.54463 -0.445264 0.120095 0.247041 0.0383513 0.215167 0.286311 0.166922 1.54646 0.211000 0.289000
2.13400 0.144244 1.54719 -0.442815 0.113066 0.247404 0.0359362 0.217317 0.284119 0.157887 1.54889 0.213000 0.287000
2.15600 0.134530 1.54960 -0.440310 0.106051 0.247741 0.0335311 0.219468 0.281927 0.146657 1.55175 0.215500 0.284500
2.17800 0.124871 1.55186 -0.437747 0.0990520 0.248053 0.0311367 0.221620 0.279735 0.137726 1.55390 0.217500 0.282500
2.20000 0.115269 1.55396 -0.435142 0.0920010 0.248341 0.0287535 0.223772 0.277543 0.126629 1.55640 0.220000 0.280000
2.22200 0.105726 1.55591 -0.432464 0.0850337 0.248604 0.0263822 0.225926 0.275351 0.117808 1.55825 0.222000 0.278000
2.24400 0.0962412 1.55770 -0.429741 0.0780119 0.248843 0.0240232 0.228080 0.273159 0.109036 1.55998 0.224000 0.276000
2.26600 0.0868174 1.55934 -0.426959 0.0710061 0.249058 0.0216771 0.230236 0.270967 0.0981429 1.56196 0.226500 0.273500
2.28800 0.0774554 1.56083 -0.424117 0.0640163 0.249250 0.0193445 0.232392 0.268775 0.0894872 1.56340 0.228500 0.271500
2.31000 0.0681565 1.56216 -0.421226 0.0569652 0.249420 0.0170259 0.234549 0.266583 0.0787424 1.56502 0.231000 0.269000
2.33200 0.0589221 1.56333 -0.418264 0.0500105 0.249566 0.0147220 0.236707 0.264391 0.0702077 1.56617 0.233000 0.267000
2.35400 0.0497533 1.56436 -0.415251 0.0429918 0.249691 0.0124332 0.238866 0.262199 0.0617284 1.56720 0.235000 0.265000
2.37600 0.0406515 1.56523 -0.412177 0.0359911 0.249793 0.0101601 0.241025 0.260006 0.0512086 1.56830 0.237500 0.262500
2.39800 0.0316179 1.56594 -0.409042 0.0290080 0.249875 0.00790317 0.243185 0.257814 0.0428576 1.56903 0.239500 0.260500
2.42000 0.0226540 1.56650 -0.405854 0.0219553 0.249936 0.00566301 0.245346 0.255621 0.0325013 1.56977 0.242000 0.258000
2.44200 0.0137610 1.56691 -0.402596 0.0150109 0.249976 0.00344013 0.247508 0.253428 0.0242836 1.57022 0.244000 0.256000
2.46400 0.00494015 1.56716 -0.399284 0.00799442 0.249997 0.00123503 0.249671 0.251235 0.0161269 1.57054 0.246000 0.254000
2.48600 -0.00380712 1.56726 -0.395911 0.000997968 0.249998 -0.000951777 0.251834 0.249041 0.00601818 1.57076 0.248500 0.251500
2.50800 -0.0124795 1.56720 -0.392477 -0.00597914 0.249981 -0.00311979 0.253998 0.246848 -0.00199775 1.57079 0.250500 0.249500
2.53000 -0.0210757 1.56700 -0.388986 -0.0130330 0.249944 -0.00526853 0.256163 0.244654 -0.0119272 1.57065 0.253000 0.247000
2.55200 -0.0295944 1.56663 -0.385430 -0.0199678 0.249891 -0.00739751 0.258328 0.242460 -0.0197971 1.57040 0.255000 0.245000
2.57400 -0.0380342 1.56612 -0.381817 -0.0269817 0.249819 -0.00950625 0.260494 0.240266 -0.0276004 1.57001 0.257000 0.243000
2.59600 -0.0463939 1.56545 -0.378143 -0.0339737 0.249731 -0.0115943 0.262661 0.238071 -0.0372595 1.56935 0.259500 0.240500
2.61800 -0.0546721 1.56462 -0.374410 -0.0409449 0.249626 -0.0136612 0.264829 0.235876 -0.0449093 1.56868 0.261500 0.238500
2.64000 -0.0628675 1.56364 -0.370618 -0.0479992 0.249506 -0.0157065 0.266997 0.233681 -0.0543733 1.56766 0.264000 0.236000
2.66200 -0.0709788 1.56251 -0.366766 -0.0549250 0.249371 -0.0177298 0.269166 0.231485 -0.0618646 1.56670 0.266000 0.234000
2.68400 -0.0790048 1.56123 -0.362856 -0.0619364 0.249220 -0.0197307 0.271335 0.229289 -0.0692837 1.56561 0.268000 0.232000
2.70600 -0.0869441 1.55979 -0.358888 -0.0689246 0.249056 -0.0217086 0.273505 0.227093 -0.0784547 1.56407 0.270500 0.229500
2.72800 -0.0947954 1.55819 -0.354863 -0.0758908 0.248878 -0.0236634 0.275676 0.224896 -0.0857079 1.56270 0.272500 0.227500
2.75000 -0.102558 1.55645 -0.350778 -0.0829463 0.248686 -0.0255945 0.277847 0.222699 -0.0946683 1.56080 0.275000 0.225000
2.77200 -0.110229 1.55455 -0.346639 -0.0898654 0.248483 -0.0275015 0.280018 0.220501 -0.101751 1.55913 0.277000 0.223000
2.79400 -0.117809 1.55249 -0.342442 -0.0968763 0.248267 -0.0293842 0.282191 0.218303 -0.108755 1.55734 0.279000 0.221000
2.81600 -0.125296 1.55028 -0.338190 -0.103863 0.248040 -0.0312422 0.284363 0.216105 -0.117401 1.55492 0.281500 0.218500
2.83800 -0.132689 1.54792 -0.333883 -0.110828 0.247802 -0.0330751 0.286537 0.213906 -0.124228 1.55284 0.283500 0.216500
2.86000 -0.139987 1.54541 -0.329519 -0.117888 0.247554 -0.0348825 0.288711 0.211707 -0.132648 1.55006 0.286000 0.214000
2.88200 -0.147188 1.54274 -0.325106 -0.124806 0.247297 -0.0366642 0.290885 0.209507 -0.139292 1.54769 0.288000 0.212000
2.90400 -0.154291 1.53991 -0.320635 -0.131822 0.247030 -0.0384199 0.293059 0.207306 -0.145854 1.54519 0.290000 0.210000
2.92600 -0.161295 1.53694 -0.316113 -0.138815 0.246755 -0.0401492 0.295235 0.205105 -0.153938 1.54189 0.292500 0.207500
2.94800 -0.168200 1.53381 -0.311541 -0.145786 0.246472 -0.0418519 0.297410 0.202904 -0.160310 1.53911 0.294500 0.205500
2.97000 -0.175003 1.53052 -0.306912 -0.152859 0.246182 -0.0435277 0.299586 0.200702 -0.168155 1.53545 0.297000 0.203000
2.99200 -0.181703 1.52708 -0.302240 -0.159786 0.245884 -0.0451763 0.301763 0.198499 -0.174334 1.53237 0.299000 0.201000
3.01400 -0.188301 1.52349 -0.297513 -0.166818 0.245581 -0.0467975 0.303939 0.196296 -0.180425 1.52917 0.301000 0.199000
3.03600 -0.194794 1.51974 -0.292738 -0.173828 0.245272 -0.0483910 0.306117 0.194092 -0.187914 1.52498 0.303500 0.196500
3.05800 -0.201181 1.51584 -0.287916 -0.180819 0.244958 -0.0499566 0.308294 0.191887 -0.193805 1.52149 0.305500 0.194500
3.08000 -0.207462 1.51179 -0.283039 -0.187918 0.244639 -0.0514941 0.310472 0.189682 -0.201042 1.51695 0.308000 0.192000
3.10200 -0.213634 1.50757 -0.278126 -0.194872 0.244317 -0.0530033 0.312650 0.187477 -0.206729 1.51316 0.310000 0.190000
3.12400 -0.219699 1.50321 -0.273159 -0.201936 0.243991 -0.0544839 0.314828 0.185270 -0.212324 1.50925 0.312000 0.188000
3.14600 -0.225653 1.49869 -0.268147 -0.208983 0.243662 -0.0559357 0.317007 0.183063 -0.219187 1.50418 0.314500 0.185500
3.16800 -0.231497 1.49401 -0.263093 -0.216015 0.243331 -0.0573587 0.319186 0.180856 -0.224572 1.49998 0.316500 0.183500
3.19000 -0.237229 1.48918 -0.257985 -0.223162 0.242998 -0.0587525 0.321365 0.178647 -0.231171 1.49455 0.319000 0.181000
3.21200 -0.242848 1.48420 -0.252845 -0.230166 0.242664 -0.0601170 0.323544 0.176438 -0.236342 1.49005 0.321000 0.179000
3.23400 -0.248354 1.47906 -0.247653 -0.237289 0.242330 -0.0614521 0.325724 0.174229 -0.241417 1.48543 0.323000 0.177000
3.25600 -0.253744 1.47376 -0.242420 -0.244401 0.241995 -0.0627576 0.327903 0.172018 -0.247625 1.47947 0.325500 0.174500
3.27800 -0.259020 1.46830 -0.237147 -0.251505 0.241660 -0.0640333 0.330083 0.169807 -0.252481 1.47455 0.327500 0.172500
3.30000 -0.264179 1.46269 -0.231822 -0.258732 0.241327 -0.0652791 0.332263 0.167596 -0.258413 1.46822 0.330000 0.170000
3.32200 -0.269220 1.45692 -0.226468 -0.265821 0.240995 -0.0664949 0.334443 0.165383 -0.263046 1.46300 0.332000 0.168000
3.34400 -0.274143 1.45099 -0.221063 -0.273040 0.240664 -0.0676804 0.336623 0.163170 -0.267580 1.45766 0.334000 0.166000
3.36600 -0.278946 1.44491 -0.215619 -0.280255 0.240337 -0.0688357 0.338804 0.160956 -0.273105 1.45079 0.336500 0.163500
3.38800 -0.283630 1.43866 -0.210135 -0.287471 0.240012 -0.0699605 0.340984 0.158741 -0.277410 1.44515 0.338500 0.161500
3.41000 -0.288192 1.43226 -0.204601 -0.294822 0.239690 -0.0710548 0.343164 0.156526 -0.282649 1.43791 0.341000 0.159000
3.43200 -0.292632 1.42569 -0.199040 -0.302045 0.239372 -0.0721183 0.345345 0.154310 -0.286723 1.43197 0.343000 0.157000
3.45400 -0.296949 1.41896 -0.193427 -0.309408 0.239058 -0.0731511 0.347525 0.152093 -0.290694 1.42589 0.345000 0.155000
3.47600 -0.301142 1.41208 -0.187776 -0.316780 0.238750 -0.0741529 0.349706 0.149876 -0.295510 1.41810 0.347500 0.152500
3.49800 -0.305211 1.40503 -0.182085 -0.324166 0.238446 -0.0751236 0.351886 0.147657 -0.299244 1.41172 0.349500 0.150500
3.52000 -0.309154 1.39781 -0.176342 -0.331699 0.238148 -0.0760632 0.354066 0.145438 -0.303762 1.40355 0.352000 0.148000
3.54200 -0.312970 1.39043 -0.170571 -0.339119 0.237856 -0.0769714 0.356247 0.143218 -0.307257 1.39686 0.354000 0.146000
3.56400 -0.316659 1.38289 -0.164747 -0.346694 0.237570 -0.0778482 0.358427 0.140998 -0.310644 1.39004 0.356000 0.144000
3.58600 -0.320219 1.37518 -0.158883 -0.354294 0.237292 -0.0786935 0.360607 0.138777 -0.314725 1.38131 0.358500 0.141500
3.60800 -0.323649 1.36730 -0.152976 -0.361924 0.237020 -0.0795071 0.362787 0.136555 -0.317867 1.37417 0.360500 0.139500
3.63000 -0.326949 1.35925 -0.147014 -0.369718 0.236757 -0.0802888 0.364967 0.134332 -0.321639 1.36504 0.363000 0.137000
3.65200 -0.330118 1.35103 -0.141020 -0.377421 0.236501 -0.0810386 0.367147 0.132108 -0.324533 1.35758 0.365000 0.135000
3.67400 -0.333153 1.34264 -0.134969 -0.385296 0.236254 -0.0817562 0.369327 0.129884 -0.327314 1.34998 0.367000 0.133000
3.69600 -0.336056 1.33408 -0.128872 -0.393218 0.236016 -0.0824415 0.371506 0.127659 -0.330633 1.34028 0.369500 0.130500
3.71800 -0.338824 1.32534 -0.122727 -0.401193 0.235787 -0.0830944 0.373686 0.125433 -0.333160 1.33235 0.371500 0.128500
3.74000 -0.341455 1.31643 -0.116521 -0.409353 0.235567 -0.0837147 0.375865 0.123207 -0.336158 1.32223 0.374000 0.126000
3.76200 -0.343950 1.30733 -0.110275 -0.417451 0.235357 -0.0843021 0.378044 0.120980 -0.338427 1.31397 0.376000 0.124000
3.78400 -0.346307 1.29806 -0.103964 -0.425746 0.235158 -0.0848566 0.380223 0.118752 -0.340580 1.30555 0.378000 0.122000
3.80600 -0.348524 1.28860 -0.0975974 -0.434116 0.234969 -0.0853778 0.382401 0.116523 -0.343105 1.29482 0.380500 0.119500
3.82800 -0.350601 1.27896 -0.0911724 -0.442571 0.234792 -0.0858655 0.384580 0.114293 -0.344993 1.28607 0.382500 0.117500
3.85000 -0.352535 1.26912 -0.0846762 -0.451239 0.234625 -0.0863196 0.386758 0.112063 -0.347184 1.27490 0.385000 0.115000
3.87200 -0.354326 1.25910 -0.0781262 -0.459885 0.234470 -0.0867396 0.388936 0.109832 -0.348801 1.26579 0.387000 0.113000
3.89400 -0.355972 1.24889 -0.0714988 -0.468760 0.234327 -0.0871255 0.391113 0.107600 -0.350296 1.25651 0.389000 0.111000
3.91600 -0.357472 1.23848 -0.0648009 -0.477751 0.234196 -0.0874767 0.393290 0.105368 -0.351992 1.24469 0.391500 0.108500
3.93800 -0.358823 1.22787 -0.0580277 -0.486870 0.234078 -0.0877931 0.395467 0.103135 -0.353208 1.23505 0.393500 0.106500
3.96000 -0.360024 1.21705 -0.0511669 -0.496240 0.233972 -0.0880742 0.397644 0.100901 -0.354552 1.22276 0.396000 0.104000
3.98200 -0.361074 1.20603 -0.0442305 -0.505645 0.233880 -0.0883197 0.399820 0.0986660 -0.355483 1.21273 0.398000 0.102000
4.00400 -0.361970 1.19480 -0.0371969 -0.515325 0.233800 -0.0885292 0.401996 0.0964306 -0.356286 1.20253 0.400000 0.100000
4.02600 -0.363338 1.18711 -0.0927694 -0.131388 0.233679 -0.0888492 0.403544 0.0945792 -0.356286 1.20253 0.400000 0.100000
4.04800 -0.365487 1.18827 -0.0848213 0.185962 0.233487 -0.0893511 0.403533 0.0939097 -0.356286 1.20253 0.400000 0.100000
4.07000 -0.366567 1.19310 -0.00952126 0.213830 0.233391 -0.0896032 0.402749 0.0942928 -0.356286 1.20253 0.400000 0.100000
4.09200 -0.366023 1.19668 0.0522970 0.106280 0.233440 -0.0894762 0.402037 0.0951179 -0.356286 1.20253 0.400000 0.100000
4.11400 -0.364593 1.19791 0.0708596 0.0147961 0.233567 -0.0891423 0.401672 0.0959000 -0.356286 1.20253 0.400000 0.100000
4.13600 -0.363123 1.19779 0.0599269 -0.0172475 0.233698 -0.0887988 0.401555 0.0964689 -0.356286 1.20253 0.400000 0.100000
4.15800 -0.362005 1.19744 0.0419531 -0.0106205 0.233797 -0.0885375 0.401511 0.0968598 -0.356286 1.20253 0.400000 0.100000
4.18000 -0.361237 1.19737 0.0290442 0.00402835 0.233865 -0.0883579 0.401449 0.0971567 -0.356286 1.20253 0.400000 0.100000
4.20200 -0.360677 1.19756 0.0226726 0.0118054 0.233914 -0.0882270 0.401359 0.0974132 -0.356286 1.20253 0.400000 0.100000
4.22400 -0.360215 1.19784 0.0197018 0.0123263 0.233955 -0.0881188 0.401263 0.0976449 -0.356286 1.20253 0.400000 0.100000
4.24600 -0.359805 1.19809 0.0175331 0.0100206 0.233991 -0.0880230 0.401177 0.0978506 -0.356286 1.20253 0.400000 0.100000
4.26800 -0.359444 1.19828 0.0152310 0.00813702 0.234023 -0.0879385 0.401105 0.0980283 -0.356286 1.20253 0.400000 0.100000
4.29000 -0.359135 1.19845 0.0129222 0.00744707 0.234050 -0.0878661 0.401043 0.0981807 -0.356286 1.20253 0.400000 0.100000
4.31200 -0.358873 1.19862 0.0109344 0.00743187 0.234073 -0.0878049 0.400987 0.0983128 -0.356286 1.20253 0.400000 0.100000
4.33400 -0.358651 1.19878 0.00938024 0.00748405 0.234093 -0.0877528 0.400935 0.0984295 -0.356286 1.20253 0.400000 0.100000
4.35600 -0.358458 1.19894 0.00819741 0.00735431 0.234110 -0.0877076 0.400885 0.0985341 -0.356286 1.20253 0.400000 0.100000
4.37800 -0.358288 1.19910 0.00726329 0.00707402 0.234125 -0.0876679 0.400839 0.0986286 -0.356286 1.20253 0.400000 0.100000
4.40000 -0.358137 1.19925 0.00648482 0.00675337 0.234138 -0.0876326 0.400795 0.0987145 -0.356286 1.20253 0.400000 0.100000
4.42200 -0.358002 1.19940 0.00582141 0.00644685 0.234150 -0.0876009 0.400755 0.0987929 -0.356286 1.20253 0.400000 0.100000
4.44400 -0.357880 1.19954 0.00525065 0.00617505 0.234160 -0.0875724 0.400717 0.0988647 -0.356286 1.20253 0.400000 0.100000
4.46600 -0.357770 1.19967 0.00476279 0.00592130 0.234170 -0.0875467 0.400682 0.0989310 -0.356286 1.20253 0.400000 0.100000
4.48800 -0.357670 1.19980 0.00434523 0.00567425 0.234179 -0.0875232 0.400648 0.0989923 -0.356286 1.20253 0.400000 0.100000
4.51000 -0.357579 1.19992 0.00398360 0.00543401 0.234187 -0.0875018 0.400616 0.0990493 -0.356286 1.20253 0.400000 0.100000
4.53200 -0.357495 1.20004 0.00366870 0.00519505 0.234194 -0.0874821 0.400586 0.0991025 -0.356286 1.20253 0.400000 0.100000
4.55400 -0.357417 1.20015 0.00338952 0.00496684 0.234201 -0.0874639 0.400557 0.0991521 -0.356286 1.20253 0.400000 0.100000
4.57600 -0.357345 1.20026 0.00314071 0.00474714 0.234207 -0.0874471 0.400530 0.0991987 -0.356286 1.20253 0.400000 0.100000
4.59800 -0.357279 1.20036 0.00291747 0.00453613 0.234213 -0.0874315 0.400505 0.0992423 -0.356286 1.20253 0.400000 0.100000
4.62000 -0.357217 1.20046 0.00271528 0.00433611 0.234218 -0.0874170 0.400480 0.0992833 -0.356286 1.20253 0.400000 0.100000
4.64200 -0.357159 1.20055 0.00253244 0.00414122 0.234223 -0.0874035 0.400457 0.0993219 -0.356286 1.20253 0.400000 0.100000
4.66400 -0.357105 1.20064 0.00236498 0.00395654 0.234228 -0.0873909 0.400435 0.0993583 -0.356286 1.20253 0.400000 0.100000
4.68600 -0.357055 1.20072 0.00221147 0.00377921 0.234233 -0.0873791 0.400414 0.0993926 -0.356286 1.20253 0.400000 0.100000
4.70800 -0.357008 1.20080 0.00207014 0.00360915 0.234237 -0.0873681 0.400394 0.0994249 -0.356286 1.20253 0.400000 0.100000
4.73000 -0.356964 1.20088 0.00193909 0.00344821 0.234241 -0.0873578 0.400375 0.0994555 -0.356286 1.20253 0.400000 0.100000
4.75200 -0.356922 1.20096 0.00181817 0.00329193 0.234244 -0.0873481 0.400357 0.0994843 -0.356286 1.20253 0.400000 0.100000
4.77400 -0.356884 1.20103 0.00170541 0.00314415 0.234248 -0.0873390 0.400340 0.0995116 -0.356286 1.20253 0.400000 0.100000
4.79600 -0.356847 1.20109 0.00160048 0.00300254 0.234251 -0.0873305 0.400324 0.0995374 -0.356286 1.20253 0.400000 0.100000
4.81800 -0.356813 1.20116 0.00150265 0.00286693 0.234254 -0.0873225 0.400309 0.0995618 -0.356286 1.20253 0.400000 0.100000
4.84000 -0.356781 1.20122 0.00141094 0.00273869 0.234256 -0.0873150 0.400294 0.0995848 -0.356286 1.20253 0.400000 0.100000
4.86200 -0.356751 1.20128 0.00132557 0.00261430 0.234259 -0.0873079 0.400280 0.0996067 -0.356286 1.20253 0.400000 0.100000
4.88400 -0.356723 1.20134 0.00124533 0.00249673 0.234262 -0.0873013 0.400267 0.0996273 -0.356286 1.20253 0.400000 0.100000
4.90600 -0.356696 1.20139 0.00117020 0.00238414 0.234264 -0.0872951 0.400254 0.0996468 -0.356286 1.20253 0.400000 0.100000
4.92800 -0.356671 1.20144 0.00109978 0.00227637 0.234266 -0.0872892 0.400242 0.0996653 -0.356286 1.20253 0.400000 0.100000
4.95000 -0.356648 1.20149 0.00103346 0.00217447 0.234268 -0.0872837 0.400230 0.0996829 -0.356286 1.20253 0.400000 0.100000
4.97200 -0.356626 1.20154 0.000971521 0.00207570 0.234270 -0.0872786 0.400219 0.0996994 -0.356286 1.20253 0.400000 0.100000
4.99400 -0.356605 1.20158 0.000913128 0.00198233 0.234272 -0.0872737 0.400209 0.0997151 -0.356286 1.20253 0.400000 0.100000
5.01600 -0.354357 1.19791 0.380243 -0.620364 0.234467 -0.0867469 0.400671 0.100005 -0.346310 1.19739 0.399951 0.103141
5.03800 -0.343001 1.18204 0.558668 -0.599303 0.235437 -0.0840786 0.402482 0.101922 -0.333359 1.19133 0.399731 0.107324
5.06000 -0.330973 1.17478 0.542778 -0.0826160 0.236432 -0.0812409 0.402587 0.105554 -0.317756 1.18503 0.399211 0.112533
5.08200 -0.318486 1.17582 0.601585 0.115625 0.237428 -0.0782823 0.401042 0.110742 -0.305759 1.18104 0.398600 0.116677
5.10400 -0.304475 1.17799 0.665655 0.0596698 0.238501 -0.0749480 0.399035 0.116700 -0.294208 1.17800 0.397815 0.120791
5.12600 -0.289623 1.17824 0.674282 -0.0289722 0.239588 -0.0713977 0.397209 0.122653 -0.280414 1.17553 0.396593 0.125882
5.14800 -0.275172 1.17728 0.633837 -0.0451845 0.240595 -0.0679281 0.395585 0.128230 -0.269905 1.17463 0.395424 0.129904
5.17000 -0.261859 1.17673 0.575798 0.00313715 0.241478 -0.0647192 0.393950 0.133402 -0.257443 1.17487 0.393728 0.134857
5.19200 -0.249799 1.17758 0.522173 0.0749698 0.242241 -0.0618024 0.392143 0.138271 -0.248020 1.17613 0.392186 0.138752
5.21400 -0.238807 1.18000 0.478760 0.142587 0.242905 -0.0591358 0.390112 0.142929 -0.239088 1.17836 0.390483 0.142578
5.23600 -0.228681 1.18378 0.442622 0.200039 0.243492 -0.0566732 0.387873 0.147420 -0.228619 1.18248 0.388130 0.147255
5.25800 -0.219308 1.18875 0.409676 0.251345 0.244012 -0.0543887 0.385452 0.151754 -0.220805 1.18683 0.386074 0.150904
5.28000 -0.210647 1.19483 0.377832 0.300987 0.244474 -0.0522732 0.382860 0.155932 -0.211738 1.19357 0.383292 0.155339
5.30200 -0.202679 1.20200 0.346666 0.350618 0.244883 -0.0503236 0.380102 0.159952 -0.205045 1.19998 0.380902 0.158779
5.32400 -0.195387 1.21025 0.316411 0.400026 0.245243 -0.0485366 0.377176 0.163816 -0.198849 1.20729 0.378369 0.162115
5.34600 -0.188749 1.21959 0.287185 0.448378 0.245560 -0.0469077 0.374085 0.167525 -0.191799 1.21764 0.375011 0.166131
5.36800 -0.182744 1.22997 0.258912 0.495130 0.245837 -0.0454321 0.370831 0.171078 -0.186710 1.22687 0.372176 0.169214
5.39000 -0.177351 1.24136 0.231439 0.540180 0.246079 -0.0441058 0.367421 0.174472 -0.181032 1.23955 0.368455 0.172897
5.41200 -0.172556 1.25372 0.204578 0.583362 0.246287 -0.0429253 0.363862 0.177702 -0.177030 1.25059 0.365342 0.175700
5.43400 -0.168346 1.26702 0.178261 0.624878 0.246466 -0.0418880 0.360161 0.180763 -0.173503 1.26239 0.362115 0.178369
5.45600 -0.164709 1.28121 0.152415 0.664618 0.246617 -0.0409914 0.356325 0.183651 -0.169753 1.27816 0.357928 0.181513
5.47800 -0.161637 1.29625 0.127005 0.702535 0.246741 -0.0402334 0.352362 0.186359 -0.167274 1.29157 0.354464 0.183867
5.50000 -0.159118 1.31211 0.102011 0.738713 0.246842 -0.0396119 0.348282 0.188883 -0.164816 1.30926 0.350000 0.186603
5.52200 -0.157146 1.32874 0.0773689 0.772848 0.246920 -0.0391249 0.344091 0.191218 -0.163355 1.32413 0.346330 0.188620
5.54400 -0.155711 1.34610 0.0530707 0.805208 0.246975 -0.0387707 0.339801 0.193357 -0.162339 1.33960 0.342578 0.190483
5.56600 -0.154808 1.36415 0.0290656 0.835643 0.247010 -0.0385477 0.335419 0.195298 -0.161684 1.35973 0.337784 0.192587
5.58800 -0.154431 1.38285 0.00531626 0.864160 0.247025 -0.0384544 0.330956 0.197036 -0.161648 1.37644 0.333874 0.194088
5.61000 -0.154573 1.40216 -0.0181981 0.890939 0.247019 -0.0384895 0.326422 0.198566 -0.162203 1.39803 0.328903 0.195732
5.63200 -0.155230 1.42204 -0.0415454 0.915642 0.246994 -0.0386519 0.321826 0.199886 -0.163124 1.41583 0.324869 0.196858
5.65400 -0.156399 1.44244 -0.0647340 0.938643 0.246949 -0.0389407 0.317180 0.200992 -0.164465 1.43407 0.320791 0.197815
5.67600 -0.158078 1.46332 -0.0878192 0.959777 0.246883 -0.0393550 0.312493 0.201882 -0.166727 1.45744 0.315643 0.198769
5.69800 -0.160263 1.48465 -0.110844 0.979066 0.246796 -0.0398945 0.307776 0.202554 -0.169003 1.47655 0.311494 0.199337
5.72000 -0.162955 1.50639 -0.133831 0.996723 0.246688 -0.0405586 0.303040 0.203008 -0.172429 1.50092 0.306279 0.199803
5.74200 -0.166152 1.52849 -0.156865 1.01238 0.246557 -0.0413472 0.298294 0.203241 -0.175633 1.52076 0.302094 0.199978
5.76400 -0.169857 1.55092 -0.179947 1.02644 0.246402 -0.0422603 0.293550 0.203254 -0.179250 1.54088 0.297906 0.199978
5.78600 -0.174071 1.57364 -0.203145 1.03873 0.246222 -0.0432982 0.288819 0.203046 -0.184353 1.56638 0.292676 0.199731
5.80800 -0.178796 1.59662 -0.226503 1.04928 0.246015 -0.0444613 0.284110 0.202619 -0.188902 1.58703 0.288506 0.199337
5.83000 -0.184038 1.61980 -0.250038 1.05827 0.245778 -0.0457502 0.279434 0.201974 -0.195176 1.61310 0.283323 0.198600
5.85200 -0.189800 1.64316 -0.273854 1.06533 0.245510 -0.0471657 0.274801 0.201112 -0.200670 1.63413 0.279209 0.197815
5.87400 -0.196089 1.66667 -0.297931 1.07087 0.245209 -0.0487088 0.270222 0.200037 -0.206589 1.65529 0.275131 0.196858
5.89600 -0.202912 1.69027 -0.322345 1.07467 0.244871 -0.0503806 0.265707 0.198750 -0.214595 1.68189 0.270096 0.195424
5.91800 -0.210275 1.71394 -0.347136 1.07675 0.244493 -0.0521823 0.261264 0.197255 -0.221492 1.70324 0.266126 0.194088
5.94000 -0.218189 1.73763 -0.372302 1.07727 0.244073 -0.0541154 0.256905 0.195555 -0.230738 1.72998 0.261248 0.192186
5.96200 -0.226661 1.76132 -0.397963 1.07586 0.243606 -0.0561812 0.252637 0.193656 -0.238643 1.75138 0.257422 0.190483
5.98400 -0.235702 1.78496 -0.424063 1.07286 0.243088 -0.0583814 0.248472 0.191561 -0.247008 1.77276 0.253670 0.188620
6.00600 -0.245323 1.80851 -0.450674 1.06806 0.242515 -0.0607175 0.244416 0.189275 -0.258124 1.79940 0.249096 0.186074
6.02800 -0.255536 1.83194 -0.477818 1.06145 0.241882 -0.0631909 0.240479 0.186805 -0.267555 1.82063 0.245536 0.183867
6.05000 -0.266351 1.85521 -0.505454 1.05314 0.241184 -0.0658031 0.236670 0.184156 -0.280031 1.84699 0.241221 0.180902
6.07200 -0.277781 1.87826 -0.533703 1.04279 0.240417 -0.0685555 0.232996 0.181334 -0.290573 1.86791 0.237885 0.178369
6.09400 -0.289837 1.90108 -0.562442 1.03065 0.239573 -0.0714490 0.229465 0.178347 -0.301623 1.88864 0.234658 0.175700
6.11600 -0.302532 1.92360 -0.591715 1.01653 0.238646 -0.0744845 0.226084 0.175200 -0.316164 1.91426 0.230786 0.172176
6.13800 -0.315876 1.94579 -0.621495 1.00038 0.237631 -0.0776624 0.222861 0.171901 -0.328391 1.93446 0.227824 0.169214
6.16000 -0.329880 1.96760 -0.651662 0.982248 0.236520 -0.0809825 0.219802 0.168458 -0.344430 1.95931 0.224300 0.165342
6.18200 -0.344553 1.98899 -0.682295 0.961860 0.235307 -0.0844441 0.216913 0.164878 -0.357874 1.97881 0.221631 0.162115
6.20400 -0.359903 2.00991 -0.713159 0.939369 0.233983 -0.0880458 0.214201 0.161170 -0.371870 1.99795 0.219098 0.158779
6.22600 -0.375934 2.03031 -0.744215 0.914609 0.232541 -0.0917853 0.211672 0.157342 -0.390146 2.02130 0.216133 0.154464
6.24800 -0.392649 2.05013 -0.775324 0.887522 0.230975 -0.0956592 0.209330 0.153402 -0.405395 2.03948 0.213926 0.150904
6.27000 -0.410046 2.06934 -0.806229 0.858120 0.229276 -0.0996630 0.207180 0.149359 -0.425240 2.06150 0.211380 0.146330
6.29200 -0.428122 2.08787 -0.836894 0.826223 0.227437 -0.103791 0.205228 0.145221 -0.441739 2.07852 0.209517 0.142578
6.31400 -0.446865 2.10568 -0.866903 0.791903 0.225452 -0.108035 0.203476 0.140997 -0.458783 2.09496 0.207814 0.138752
6.33600 -0.466259 2.12270 -0.896064 0.755071 0.223314 -0.112387 0.201930 0.136697 -0.480836 2.11464 0.205912 0.133874
6.35800 -0.486283 2.13888 -0.924057 0.715711 0.221019 -0.116836 0.200591 0.132328 -0.499058 2.12962 0.204576 0.129904
6.38000 -0.506906 2.15417 -0.950435 0.673831 0.218563 -0.121369 0.199464 0.127901 -0.522520 2.14734 0.203142 0.124869
6.40200 -0.528090 2.16851 -0.974983 0.629433 0.215943 -0.125971 0.198551 0.123423 -0.541802 2.16066 0.202185 0.120791
6.42400 -0.549787 2.18185 -0.997099 0.582558 0.213159 -0.130626 0.197853 0.118905 -0.561501 2.17316 0.201400 0.116677
6.44600 -0.571941 2.19413 -1.01642 0.533277 0.210213 -0.135316 0.197372 0.114354 -0.586645 2.18760 0.200663 0.111494
6.46800 -0.594486 2.20529 -1.03248 0.481690 0.207109 -0.140021 0.197109 0.109779 -0.607115 2.19814 0.200269 0.107324
6.49000 -0.617342 2.21530 -1.04473 0.427875 0.203855 -0.144718 0.197065 0.105190 -0.633047 2.20998 0.200022 0.102094
6.51200 -0.640424 2.22411 -1.05286 0.372103 0.200461 -0.149384 0.197239 0.100595 -0.653988 2.21836 0.200022 0.0979058
6.53400 -0.663634 2.23166 -1.05629 0.314447 0.196940 -0.153996 0.197632 0.0960032 -0.675022 2.22572 0.200197 0.0937209
6.55600 -0.686864 2.23793 -1.05470 0.255202 0.193310 -0.158529 0.198242 0.0914224 -0.701321 2.23345 0.200663 0.0885063
6.57800 -0.710001 2.24288 -1.04774 0.194633 0.189590 -0.162959 0.199067 0.0868617 -0.722259 2.23842 0.201231 0.0843566
6.60000 -0.732923 2.24649 -1.03512 0.132919 0.185805 -0.167261 0.200106 0.0823294 -0.748156 2.24308 0.202185 0.0792088
6.62200 -0.755505 2.24873 -1.01677 0.0706041 0.181981 -0.171414 0.201356 0.0778341 -0.768534 2.24556 0.203142 0.0751310
6.64400 -0.777618 2.24959 -0.992531 0.00777487 0.178147 -0.175396 0.202813 0.0733842 -0.788508 2.24690 0.204268 0.0710968
6.66600 -0.799134 2.24907 -0.962499 -0.0550984 0.174332 -0.179188 0.204474 0.0689882 -0.812755 2.24698 0.205912 0.0661262
6.68800 -0.819927 2.24717 -0.926835 -0.117668 0.170569 -0.182774 0.206335 0.0646545 -0.831461 2.24576 0.207413 0.0622159
6.71000 -0.839875 2.24389 -0.885787 -0.179756 0.166889 -0.186140 0.208390 0.0603913 -0.853828 2.24265 0.209517 0.0574221
6.73200 -0.858865 2.23927 -0.839767 -0.240695 0.163324 -0.189275 0.210636 0.0562071 -0.870803 2.23891 0.211380 0.0536704
6.75400 -0.876791 2.23331 -0.789205 -0.300524 0.159905 -0.192173 0.213065 0.0521100 -0.886877 2.23406 0.213397 0.0500000
6.77600 -0.893560 2.22606 -0.734643 -0.358778 0.156660 -0.194827 0.215673 0.0481082 -0.905593 2.22648 0.216133 0.0455361
6.79800 -0.909091 2.21754 -0.676662 -0.415205 0.153616 -0.197236 0.218453 0.0442096 -0.919388 2.21924 0.218487 0.0420719
6.82000 -0.923313 2.20780 -0.615889 -0.469781 0.150795 -0.199401 0.221399 0.0404221 -0.935075 2.20875 0.221631 0.0378852
6.84200 -0.936173 2.19689 -0.552918 -0.521922 0.148218 -0.201324 0.224503 0.0367533 -0.946328 2.19926 0.224300 0.0346579
6.86400 -0.947630 2.18485 -0.488403 -0.571887 0.145902 -0.203009 0.227758 0.0332107 -0.956394 2.18883 0.227103 0.0315453
6.88600 -0.957656 2.17174 -0.422917 -0.619359 0.143860 -0.204461 0.231158 0.0298015 -0.967276 2.17452 0.230786 0.0278240
6.90800 -0.966236 2.15762 -0.357015 -0.664263 0.142100 -0.205688 0.234694 0.0265325 -0.974606 2.16210 0.233869 0.0249889
6.93000 -0.973366 2.14253 -0.291253 -0.706751 0.140630 -0.206696 0.238360 0.0234104 -0.982044 2.14545 0.237885 0.0216307
6.95200 -0.979054 2.12654 -0.225990 -0.746405 0.139452 -0.207493 0.242146 0.0204414 -0.986622 2.13126 0.241221 0.0190983
6.97400 -0.983317 2.10971 -0.161731 -0.783626 0.138566 -0.208085 0.246046 0.0176315 -0.989993 2.11635 0.244661 0.0167079
6.99600 -0.986180 2.09208 -0.0987636 -0.818239 0.137970 -0.208481 0.250052 0.0149864 -0.992540 2.09677 0.249096 0.0139258
7.01800 -0.987674 2.07372 -0.0373720 -0.850287 0.137658 -0.208687 0.254154 0.0125114 -0.993272 2.08040 0.252745 0.0118697
7.04000 -0.987838 2.05469 0.0221363 -0.879996 0.137624 -0.208709 0.258345 0.0102114 -0.992605 2.05912 0.257422 0.00951729
7.06200 -0.986713 2.03503 0.0797328 -0.907082 0.137859 -0.208555 0.262617 0.00809096 -0.990845 2.04149 0.261248 0.00781368
7.08400 -0.984346 2.01479 0.135119 -0.931948 0.138352 -0.208228 0.266961 0.00615443 -0.988034 2.02337 0.265143 0.00627180
7.10600 -0.980785 1.99404 0.188277 -0.954498 0.139093 -0.207734 0.271369 0.00440567 -0.983099 2.00008 0.270096 0.00457597
7.12800 -0.976079 1.97281 0.239144 -0.974808 0.140069 -0.207077 0.275831 0.00284835 -0.978062 1.98098 0.274118 0.00340742
7.15000 -0.970280 1.95116 0.287584 -0.993079 0.141267 -0.206261 0.280340 0.00148567 -0.970472 1.95660 0.279209 0.00218524
7.17200 -0.963441 1.92913 0.333784 -1.00913 0.142675 -0.205290 0.284887 0.000320568 -0.963415 1.93672 0.283323 0.00140040
7.19400 -0.955612 1.90677 0.377548 -1.02326 0.144277 -0.204167 0.289462 -0.000644341 -0.955528 1.91654 0.287467 0.000788530
7.21600 -0.946846 1.88412 0.418999 -1.03543 0.146062 -0.202894 0.294058 -0.00140686 -0.944564 1.89096 0.292676 0.000268552
7.23800 -0.937193 1.86123 0.458172 -1.04568 0.148013 -0.201475 0.298665 -0.00196501 -0.934959 1.87025 0.296859 4.93440e-05
7.26000 -0.926703 1.83813 0.494998 -1.05417 0.150118 -0.199911 0.303274 -0.00231728 -0.921977 1.84410 0.302094 2.19317e-05
7.28200 -0.915427 1.81486 0.529748 -1.06077 0.152363 -0.198206 0.307877 -0.00246242 -0.910859 1.82301 0.306279 0.000197327
7.30400 -0.903411 1.79146 0.562249 -1.06568 0.154734 -0.196361 0.312465 -0.00239956 -0.899133 1.80180 0.310453 0.000547810
7.32600 -0.890703 1.76798 0.592667 -1.06886 0.157216 -0.194379 0.317028 -0.00212823 -0.883678 1.77516 0.315643 0.00123117
7.34800 -0.877349 1.74445 0.621056 -1.07035 0.159798 -0.192262 0.321559 -0.00164824 -0.870722 1.75378 0.319766 0.00197288
7.37000 -0.863392 1.72090 0.647356 -1.07022 0.162466 -0.190013 0.326047 -0.000959862 -0.853846 1.72703 0.324869 0.00314168
7.39200 -0.848877 1.69737 0.671846 -1.06840 0.165207 -0.187635 0.330485 -6.37058e-05 -0.839844 1.70564 0.328903 0.00426805
7.41400 -0.833846 1.67390 0.694348 -1.06499 0.168008 -0.185130 0.334864 0.00103924 -0.825434 1.68428 0.332887 0.00556236
7.43600 -0.818340 1.65052 0.715022 -1.05995 0.170859 -0.182503 0.339175 0.00234755 -0.806898 1.65768 0.337784 0.00741294
7.45800 -0.802398 1.62727 0.733909 -1.05330 0.173746 -0.179756 0.343408 0.00385946 -0.791692 1.63651 0.341628 0.00907639
7.48000 -0.786061 1.60419 0.750941 -1.04504 0.176659 -0.176894 0.347557 0.00557273 -0.772262 1.61022 0.346330 0.0113796
7.50200 -0.769368 1.58130 0.766370 -1.03517 0.179588 -0.173920 0.351612 0.00748476 -0.756421 1.58936 0.350000 0.0133975
7.52400 -0.752354 1.55865 0.780013 -1.02367 0.182520 -0.170840 0.355564 0.00959254 -0.740347 1.56869 0.353583 0.0155672
7.54600 -0.735059 1.53627 0.792005 -1.01054 0.185448 -0.167658 0.359407 0.0118926 -0.719974 1.54316 0.357928 0.0184872
7.56800 -0.717518 1.51420 0.802369 -0.995753 0.188360 -0.164379 0.363131 0.0143811 -0.703487 1.52301 0.361291 0.0209845
7.59000 -0.699768 1.49247 0.811031 -0.979282 0.191248 -0.161010 0.366728 0.0170536 -0.682688 1.49821 0.365342 0.0243005
7.61200 -0.681843 1.47112 0.818200 -0.961156 0.194103 -0.157556 0.370192 0.0199056 -0.665933 1.47872 0.368455 0.0271031
7.63400 -0.663779 1.45019 0.823704 -0.941298 0.196917 -0.154025 0.373514 0.0229319 -0.649103 1.45957 0.371447 0.0300337
7.65600 -0.645611 1.42972 0.827649 -0.919717 0.199683 -0.150422 0.376688 0.0261269 -0.628003 1.43615 0.375011 0.0338688
7.67800 -0.627374 1.40974 0.830045 -0.896391 0.202393 -0.146755 0.379705 0.0294846 -0.611107 1.41786 0.377715 0.0370680
7.70000 -0.609102 1.39029 0.830824 -0.871270 0.205041 -0.143033 0.382560 0.0329986 -0.590008 1.39562 0.380902 0.0412215
7.72200 -0.590828 1.37142 0.830148 -0.844399 0.207620 -0.139262 0.385245 0.0366623 -0.573180 1.37835 0.383292 0.0446608
7.74400 -0.572587 1.35315 0.827877 -0.815702 0.210126 -0.135452 0.387755 0.0404683 -0.556423 1.36158 0.385536 0.0481973
7.76600 -0.554412 1.33554 0.824095 -0.785199 0.212552 -0.131611 0.390083 0.0444090 -0.535618 1.34137 0.388130 0.0527449
7.78800 -0.536338 1.31862 0.818807 -0.752884 0.214896 -0.127748 0.392224 0.0484766 -0.519118 1.32584 0.390032 0.0564769
7.81000 -0.518396 1.30243 0.811975 -0.718738 0.217154 -0.123872 0.394172 0.0526626 -0.498712 1.30726 0.392186 0.0612484
7.83200 -0.500621 1.28701 0.803714 -0.682814 0.219321 -0.119993 0.395923 0.0569583 -0.482593 1.29312 0.393728 0.0651428
7.85400 -0.483044 1.27239 0.793945 -0.645091 0.221396 -0.116119 0.397473 0.0613548 -0.466683 1.27964 0.395106 0.0690983
7.87600 -0.465698 1.25863 0.782738 -0.605621 0.223377 -0.112262 0.398816 0.0658425 -0.447125 1.26376 0.396593 0.0741181
7.89800 -0.448614 1.24576 0.770116 -0.564442 0.225262 -0.108429 0.399950 0.0704119 -0.431770 1.25188 0.397592 0.0781857
7.92000 -0.431823 1.23381 0.756085 -0.521606 0.227051 -0.104632 0.400871 0.0750530 -0.412976 1.23810 0.398600 0.0833231
7.94200 -0.415356 1.22282 0.740731 -0.477190 0.228743 -0.100879 0.401576 0.0797554 -0.398289 1.22796 0.399211 0.0874667
7.96400 -0.399241 1.21283 0.724056 -0.431273 0.230339 -0.0971797 0.402064 0.0845088 -0.383931 1.21863 0.399649 0.0916322
7.98600 -0.383506 1.20386 0.706129 -0.383956 0.231840 -0.0935436 0.402331 0.0893023 -0.366479 1.20816 0.399951 0.0968589
8.00800 -0.368180 1.19594 0.687007 -0.335351 0.233246 -0.0899795 0.402378 0.0941251 -0.352936 1.20076 0.399995 0.101047
8.03000 -0.353286 1.18911 0.666753 -0.285596 0.234560 -0.0864958 0.402202 0.0989662 -0.336558 1.19276 0.399803 0.106279
8.05200 -0.338851 1.18338 0.645437 -0.234814 0.235784 -0.0831008 0.401805 0.103814 -0.323918 1.18738 0.399452 0.110453
8.07400 -0.324894 1.17878 0.623142 -0.183183 0.236921 -0.0798022 0.401185 0.108658 -0.311703 1.18292 0.398927 0.114608
8.09600 -0.311439 1.17533 0.599947 -0.130857 0.237973 -0.0766071 0.400345 0.113486 -0.297054 1.17867 0.398027 0.119766
8.11800 -0.298503 1.17303 0.575939 -0.0780155 0.238944 -0.0735224 0.399285 0.118288 -0.285844 1.17634 0.397113 0.123853
8.14000 -0.286103 1.17190 0.551224 -0.0248479 0.239838 -0.0705539 0.398006 0.123051 -0.272488 1.17477 0.395732 0.128903
8.16200 -0.274254 1.17194 0.525864 0.0284660 0.240657 -0.0677071 0.396513 0.127764 -0.262338 1.17459 0.394438 0.132887
8.18400 -0.262968 1.17315 0.499989 0.0817288 0.241406 -0.0649870 0.394806 0.132417 -0.252670 1.17538 0.392978 0.136812
8.20600 -0.252257 1.17553 0.473675 0.134750 0.242088 -0.0623976 0.392891 0.136997 -0.241274 1.17771 0.390924 0.141628
8.22800 -0.242129 1.17907 0.447016 0.187339 0.242707 -0.0599426 0.390770 0.141496 -0.232713 1.18065 0.389101 0.145399
8.25000 -0.232590 1.18377 0.420122 0.239337 0.243268 -0.0576247 0.388449 0.145900 -0.222711 1.18565 0.386603 0.150000
8.27200 -0.223645 1.18960 0.393040 0.290513 0.243774 -0.0554464 0.385932 0.150201 -0.215271 1.19070 0.384433 0.153583
8.29400 -0.215297 1.19655 0.365889 0.340767 0.244228 -0.0534094 0.383225 0.154389 -0.208329 1.19666 0.382115 0.157071
8.31600 -0.207546 1.20458 0.338725 0.389910 0.244635 -0.0515149 0.380333 0.158452 -0.200351 1.20538 0.379016 0.161291
8.33800 -0.200393 1.21369 0.311614 0.437798 0.244997 -0.0497636 0.377263 0.162382 -0.194526 1.21334 0.376380 0.164546
8.36000 -0.193834 1.22384 0.284633 0.484376 0.245318 -0.0481557 0.374022 0.166170 -0.187936 1.22448 0.372897 0.168455
8.38200 -0.187868 1.23499 0.257796 0.529381 0.245601 -0.0466912 0.370617 0.169806 -0.183213 1.23433 0.369966 0.171447
8.40400 -0.182490 1.24712 0.231180 0.572880 0.245849 -0.0453696 0.367056 0.173283 -0.178971 1.24498 0.366913 0.174314
8.42600 -0.177694 1.26019 0.204802 0.614705 0.246063 -0.0441902 0.363346 0.176592 -0.174340 1.25937 0.362932 0.177715
8.44800 -0.173476 1.27415 0.178684 0.654785 0.246248 -0.0431519 0.359496 0.179727 -0.171166 1.27172 0.359622 0.180282
8.47000 -0.169830 1.28899 0.152858 0.693191 0.246403 -0.0422537 0.355514 0.182679 -0.167851 1.28815 0.355339 0.183292
8.49200 -0.166749 1.30464 0.127303 0.729622 0.246532 -0.0414943 0.351410 0.185443 -0.165714 1.30206 0.351803 0.185536
8.51400 -0.164227 1.32108 0.102048 0.764321 0.246636 -0.0408723 0.347193 0.188013 -0.164030 1.31662 0.348175 0.187631
8.53600 -0.162257 1.33826 0.0770718 0.797127 0.246716 -0.0403864 0.342872 0.190382 -0.162552 1.33567 0.343523 0.190032
8.55800 -0.160833 1.35614 0.0523622 0.828029 0.246774 -0.0400352 0.338456 0.192546 -0.161865 1.35157 0.339715 0.191775
8.58000 -0.159951 1.37468 0.0279150 0.857193 0.246809 -0.0398174 0.333957 0.194501 -0.161617 1.37221 0.334857 0.193728
8.60200 -0.159604 1.39384 0.00367896 0.884279 0.246823 -0.0397317 0.329384 0.196242 -0.161901 1.38930 0.330902 0.195106
8.62400 -0.159787 1.41357 -0.0203460 0.909649 0.246815 -0.0397771 0.324747 0.197766 -0.162611 1.40688 0.326892 0.196316
8.64600 -0.160498 1.43385 -0.0442048 0.933138 0.246787 -0.0399524 0.320057 0.199070 -0.164091 1.42947 0.321814 0.197592
8.66800 -0.161731 1.45462 -0.0679334 0.954762 0.246737 -0.0402568 0.315324 0.200151 -0.165744 1.44802 0.317708 0.198420
8.69000 -0.163486 1.47584 -0.0915517 0.974735 0.246666 -0.0406897 0.310559 0.201008 -0.168395 1.47174 0.312533 0.199211
8.71200 -0.165760 1.49749 -0.115135 0.992682 0.246573 -0.0412504 0.305772 0.201639 -0.170981 1.49111 0.308368 0.199649
8.73400 -0.168552 1.51951 -0.138688 1.00902 0.246457 -0.0419387 0.300975 0.202045 -0.173980 1.51080 0.304188 0.199912
8.75600 -0.171862 1.54187 -0.162273 1.02357 0.246317 -0.0427543 0.296177 0.202223 -0.178307 1.53582 0.298953 0.199995
8.77800 -0.175692 1.56454 -0.185935 1.03635 0.246151 -0.0436974 0.291389 0.202176 -0.182234 1.55614 0.294766 0.199863
8.80000 -0.180044 1.58746 -0.209692 1.04758 0.245959 -0.0447682 0.286622 0.201903 -0.187725 1.58185 0.289547 0.199452
8.82200 -0.184920 1.61061 -0.233643 1.05686 0.245738 -0.0459670 0.281887 0.201406 -0.192588 1.60264 0.285392 0.198927
8.84400 -0.190325 1.63395 -0.257778 1.06461 0.245486 -0.0472946 0.277192 0.200687 -0.197870 1.62360 0.281262 0.198229
8.86600 -0.196264 1.65744 -0.282169 1.07063 0.245200 -0.0487517 0.272550 0.199748 -0.205069 1.64999 0.276147 0.197113
8.88800 -0.202743 1.68105 -0.306860 1.07493 0.244879 -0.0503392 0.267969 0.198592 -0.211311 1.67123 0.272101 0.196029
8.91000 -0.209768 1.70473 -0.331856 1.07770 0.244520 -0.0520583 0.263461 0.197223 -0.219726 1.69789 0.267113 0.194438
8.93200 -0.217348 1.72845 -0.357274 1.07855 0.244118 -0.0539102 0.259033 0.195644 -0.226955 1.71928 0.263188 0.192978
8.95400 -0.225491 1.75217 -0.383071 1.07784 0.243671 -0.0558963 0.254696 0.193861 -0.234633 1.74068 0.259326 0.191355
8.97600 -0.234207 1.77586 -0.409323 1.07537 0.243175 -0.0580178 0.250459 0.191876 -0.244873 1.76742 0.254601 0.189101
8.99800 -0.243505 1.79948 -0.436060 1.07112 0.242625 -0.0602764 0.246330 0.189696 -0.253589 1.78876 0.250910 0.187121
9.02000 -0.253397 1.82298 -0.463254 1.06524 0.242017 -0.0626734 0.242320 0.187326 -0.265152 1.81533 0.246417 0.184433
9.04200 -0.263893 1.84633 -0.491030 1.05735 0.241345 -0.0652101 0.238435 0.184773 -0.274948 1.83647 0.242929 0.182115
9.06400 -0.275005 1.86949 -0.519288 1.04775 0.240606 -0.0678880 0.234684 0.182042 -0.285239 1.85747 0.239540 0.179653
9.08600 -0.286745 1.89242 -0.548085 1.03623 0.239792 -0.0707080 0.231075 0.179140 -0.298812 1.88348 0.235454 0.176380
9.10800 -0.299125 1.91507 -0.577411 1.02275 0.238899 -0.0736710 0.227615 0.176074 -0.310250 1.90406 0.232312 0.173610
9.13000 -0.312155 1.93741 -0.607175 1.00739 0.237919 -0.0767774 0.224311 0.172852 -0.325285 1.92944 0.228553 0.169966
9.15200 -0.325845 1.95938 -0.637474 0.989833 0.236845 -0.0800274 0.221171 0.169481 -0.337913 1.94943 0.225686 0.166913
9.17400 -0.340206 1.98094 -0.668109 0.970272 0.235672 -0.0834203 0.218200 0.165968 -0.351084 1.96910 0.222949 0.163742
9.19600 -0.355244 2.00206 -0.699074 0.948526 0.234390 -0.0869548 0.215405 0.162323 -0.368319 1.99320 0.219718 0.159622
9.21800 -0.370967 2.02266 -0.730266 0.924536 0.232994 -0.0906291 0.212791 0.158553 -0.382731 2.01204 0.217292 0.156208
9.24000 -0.387376 2.04272 -0.761474 0.898324 0.231476 -0.0944400 0.210364 0.154667 -0.401530 2.03498 0.214464 0.151803
9.26200 -0.404472 2.06217 -0.792701 0.869675 0.229828 -0.0983834 0.208129 0.150673 -0.417198 2.05279 0.212369 0.148175
9.28400 -0.422252 2.08097 -0.823589 0.838680 0.228042 -0.102454 0.206091 0.146580 -0.433421 2.07008 0.210429 0.144464
9.30600 -0.440707 2.09905 -0.853993 0.805222 0.226113 -0.106645 0.204253 0.142398 -0.454471 2.09091 0.208225 0.139715
9.32800 -0.459822 2.11638 -0.883647 0.769268 0.224033 -0.110947 0.202619 0.138134 -0.471917 2.10689 0.206642 0.135837
9.35000 -0.479579 2.13288 -0.912156 0.730819 0.221797 -0.115351 0.201193 0.133798 -0.494455 2.12594 0.204894 0.130902
9.37200 -0.499948 2.14852 -0.939358 0.689818 0.219402 -0.119845 0.199979 0.129399 -0.513046 2.14039 0.203684 0.126892
9.39400 -0.520896 2.16322 -0.964691 0.646308 0.216843 -0.124414 0.198977 0.124946 -0.532106 2.15410 0.202642 0.122835
9.41600 -0.542379 2.17694 -0.987833 0.600307 0.214121 -0.129044 0.198192 0.120448 -0.556540 2.17012 0.201580 0.117708
9.43800 -0.564342 2.18961 -1.00834 0.551876 0.211235 -0.133715 0.197623 0.115914 -0.576524 2.18199 0.200925 0.113572
9.46000 -0.586722 2.20120 -1.02567 0.501067 0.208190 -0.138409 0.197273 0.111353 -0.601971 2.19559 0.200351 0.108368
9.48200 -0.609446 2.21165 -1.03951 0.448070 0.204991 -0.143103 0.197142 0.106773 -0.622635 2.20543 0.200088 0.104188
9.50400 -0.632430 2.22090 -1.04924 0.392947 0.201648 -0.147777 0.197230 0.102184 -0.643501 2.21430 0.200000 0.100000
9.52600 -0.655580 2.22892 -1.05450 0.335931 0.198174 -0.152405 0.197538 0.0975944 -0.669759 2.22398 0.200137 0.0947664
9.54800 -0.678792 2.23567 -1.05486 0.277241 0.194583 -0.156963 0.198063 0.0930124 -0.690810 2.23056 0.200444 0.0905892
9.57000 -0.701955 2.24111 -1.04990 0.217034 0.190895 -0.161428 0.198805 0.0884470 -0.717039 2.23728 0.201073 0.0853917
9.59200 -0.724948 2.24521 -1.03948 0.155788 0.187133 -0.165774 0.199761 0.0839067 -0.737844 2.24143 0.201771 0.0812619
9.61400 -0.747649 2.24796 -1.02326 0.0935943 0.183322 -0.169979 0.200930 0.0794000 -0.758390 2.24446 0.202642 0.0771649
9.63600 -0.769929 2.24933 -1.00121 0.0308911 0.179490 -0.174021 0.202308 0.0749354 -0.783558 2.24667 0.203971 0.0721009
9.65800 -0.791660 2.24931 -0.973333 -0.0319804 0.175666 -0.177880 0.203892 0.0705214 -0.803162 2.24716 0.205223 0.0681041
9.68000 -0.812714 2.24792 -0.939716 -0.0948252 0.171883 -0.181539 0.205677 0.0661665 -0.826848 2.24617 0.207022 0.0631875
9.70200 -0.832967 2.24515 -0.900652 -0.156988 0.168171 -0.184983 0.207659 0.0618790 -0.845026 2.24411 0.208645 0.0593263
9.72400 -0.852304 2.24102 -0.856427 -0.218457 0.164563 -0.188200 0.209833 0.0576673 -0.862423 2.24092 0.210429 0.0555365
9.74600 -0.870616 2.23554 -0.807494 -0.278748 0.161089 -0.191181 0.212193 0.0535395 -0.882948 2.23537 0.212879 0.0509096
9.76800 -0.887803 2.22876 -0.754358 -0.337566 0.157779 -0.193922 0.214734 0.0495040 -0.898298 2.22971 0.215011 0.0473044
9.79000 -0.903781 2.22070 -0.697589 -0.394834 0.154661 -0.196418 0.217450 0.0455688 -0.916041 2.22115 0.217885 0.0429286
9.81200 -0.918475 2.21141 -0.637780 -0.449935 0.151758 -0.198669 0.220334 0.0417417 -0.929013 2.21314 0.220347 0.0395401
9.83400 -0.931825 2.20092 -0.575572 -0.503063 0.149092 -0.200677 0.223379 0.0380305 -0.940848 2.20413 0.222949 0.0362576
9.85600 -0.943787 2.18929 -0.511577 -0.553859 0.146681 -0.202446 0.226578 0.0344427 -0.953990 2.19152 0.226390 0.0323124
9.87800 -0.954326 2.17657 -0.446396 -0.602201 0.144540 -0.203981 0.229925 0.0309857 -0.963152 2.18041 0.229289 0.0292893
9.90000 -0.963424 2.16281 -0.380636 -0.648200 0.142678 -0.205288 0.233411 0.0276663 -0.972889 2.16529 0.233087 0.0256855
9.92200 -0.971073 2.14807 -0.314749 -0.691394 0.141104 -0.206373 0.237029 0.0244914 -0.979298 2.15226 0.236258 0.0229487
9.94400 -0.977276 2.13240 -0.249296 -0.732159 0.139821 -0.207244 0.240771 0.0214674 -0.984485 2.13845 0.239540 0.0203470
9.96600 -0.982048 2.11587 -0.184653 -0.770286 0.138830 -0.207909 0.244629 0.0186003 -0.989263 2.12015 0.243792 0.0172919
9.98800 -0.985410 2.09853 -0.121181 -0.805799 0.138130 -0.208375 0.248596 0.0158959 -0.991741 2.10473 0.247304 0.0150107
10.0100 -0.987391 2.08044 -0.0592557 -0.838912 0.137717 -0.208648 0.252663 0.0133597 -0.993196 2.08455 0.251825 0.0123693
10.0320 -0.988028 2.06164 0.00101279 -0.869310 0.137584 -0.208736 0.256822 0.0109966 -0.993080 2.06774 0.255536 0.0104288
10.0540 -0.987362 2.04220 0.0592777 -0.897409 0.137723 -0.208644 0.261065 0.00881151 -0.991859 2.05037 0.259326 0.00864545
10.0760 -0.985436 2.02217 0.115460 -0.923094 0.138125 -0.208378 0.265383 0.00680870 -0.988833 2.02794 0.264163 0.00664196
10.0980 -0.982298 2.00160 0.169448 -0.946442 0.138778 -0.207944 0.269768 0.00499231 -0.985258 2.00947 0.268104 0.00522316
10.1200 -0.977997 1.98054 0.221072 -0.967664 0.139671 -0.207345 0.274211 0.00336599 -0.979409 1.98579 0.273108 0.00368374
10.1420 -0.972586 1.95904 0.270474 -0.986553 0.140791 -0.206586 0.278703 0.00193317 -0.973676 1.96642 0.277165 0.00264211
10.1640 -0.966115 1.93715 0.317441 -1.00345 0.142125 -0.205671 0.283236 0.000696882 -0.967050 1.94670 0.281262 0.00177127
10.1860 -0.958636 1.91491 0.362070 -1.01829 0.143659 -0.204602 0.287802 -0.000340194 -0.957575 1.92161 0.286428 0.000925216
10.2080 -0.950201 1.89236 0.404377 -1.03114 0.145380 -0.203383 0.292391 -0.00117562 -0.949092 1.90124 0.290589 0.000443804
10.2300 -0.940861 1.86955 0.444286 -1.04215 0.147273 -0.202016 0.296994 -0.00180742 -0.937427 1.87545 0.295812 8.77170e-05
10.2520 -0.930667 1.84652 0.482052 -1.05120 0.149325 -0.200505 0.301603 -0.00223387 -0.927295 1.85459 0.300000 0.00000
10.2740 -0.919668 1.82331 0.517502 -1.05851 0.151521 -0.198850 0.306209 -0.00245361 -0.916496 1.83357 0.304188 8.77170e-05
10.2960 -0.907913 1.79996 0.550796 -1.06404 0.153848 -0.197055 0.310803 -0.00246570 -0.902119 1.80711 0.309411 0.000443804
10.3180 -0.895448 1.77650 0.581989 -1.06784 0.156292 -0.195122 0.315376 -0.00226942 -0.889962 1.78583 0.313572 0.000925216
10.3400 -0.882321 1.75299 0.611020 -1.06998 0.158840 -0.193054 0.319920 -0.00186456 -0.874008 1.75913 0.318738 0.00177127
10.3620 -0.868576 1.72944 0.638171 -1.07040 0.161479 -0.190852 0.324424 -0.00125119 -0.860684 1.73773 0.322835 0.00264211
10.3840 -0.854257 1.70590 0.663266 -1.06921 0.164195 -0.188521 0.328882 -0.000429786 -0.846899 1.71633 0.326892 0.00368374
10.4060 -0.839406 1.68241 0.686469 -1.06638 0.166976 -0.186062 0.333283 0.000598758 -0.829073 1.68962 0.331896 0.00522316
10.4280 -0.824066 1.65899 0.707828 -1.06193 0.169811 -0.183478 0.337619 0.00183324 -0.814379 1.66831 0.335837 0.00664196
10.4500 -0.808276 1.63569 0.727274 -1.05587 0.172686 -0.180774 0.341881 0.00327197 -0.795523 1.64179 0.340674 0.00864545
10.4720 -0.792077 1.61255 0.745072 -1.04820 0.175592 -0.177953 0.346062 0.00491290 -0.780087 1.62071 0.344464 0.0104288
10.4940 -0.775507 1.58958 0.761036 -1.03891 0.178517 -0.175019 0.350152 0.00675359 -0.764373 1.59977 0.348175 0.0123693
10.5160 -0.758604 1.56684 0.775311 -1.02801 0.181449 -0.171977 0.354142 0.00879111 -0.744386 1.57384 0.352696 0.0150107
10.5380 -0.741405 1.54436 0.787924 -1.01547 0.184380 -0.168831 0.358025 0.0110222 -0.728158 1.55333 0.356208 0.0172919
10.5600 -0.723948 1.52218 0.798801 -1.00128 0.187299 -0.165587 0.361793 0.0134432 -0.707623 1.52802 0.360460 0.0203470
10.5820 -0.706268 1.50032 0.808165 -0.985448 0.190197 -0.162250 0.365438 0.0160498 -0.691030 1.50807 0.363742 0.0229487
10.6040 -0.688401 1.47883 0.815837 -0.967917 0.193066 -0.158826 0.368951 0.0188377 -0.674321 1.48842 0.366913 0.0256855
10.6260 -0.670383 1.45774 0.821933 -0.948690 0.195896 -0.155322 0.372325 0.0218016 -0.653316 1.46432 0.370711 0.0292893
10.6480 -0.652248 1.43710 0.826464 -0.927748 0.198680 -0.151744 0.375554 0.0249364 -0.636449 1.44544 0.373610 0.0323124
10.6700 -0.634031 1.41694 0.829360 -0.905037 0.201412 -0.148099 0.378629 0.0282361 -0.615331 1.42239 0.377051 0.0362576
10.6920 -0.615766 1.39729 0.830794 -0.880601 0.204083 -0.144396 0.381543 0.0316945 -0.598442 1.40443 0.379653 0.0395401
10.7140 -0.597488 1.37820 0.830617 -0.854358 0.206688 -0.140642 0.384291 0.0353049 -0.581587 1.38692 0.382115 0.0429286
10.7360 -0.579230 1.35971 0.828916 -0.826324 0.209221 -0.136845 0.386865 0.0390604 -0.560604 1.36573 0.384989 0.0473044
10.7580 -0.561027 1.34186 0.825697 -0.796487 0.211677 -0.133014 0.389260 0.0429534 -0.543919 1.34935 0.387121 0.0509096
10.7800 -0.542911 1.32468 0.820911 -0.764814 0.214052 -0.129158 0.391469 0.0469762 -0.523229 1.32967 0.389571 0.0555365
10.8020 -0.524917 1.30822 0.814685 -0.731355 0.216341 -0.125285 0.393488 0.0511205 -0.506842 1.31458 0.391355 0.0593263
10.8240 -0.507076 1.29251 0.806923 -0.696069 0.218542 -0.121406 0.395312 0.0553777 -0.490628 1.30011 0.392978 0.0631875
10.8460 -0.489423 1.27760 0.797694 -0.658996 0.220651 -0.117529 0.396935 0.0597389 -0.470640 1.28294 0.394777 0.0681041
10.8680 -0.471988 1.26353 0.787016 -0.620161 0.222667 -0.113665 0.398354 0.0641949 -0.454902 1.26998 0.396029 0.0721009
10.8900 -0.454805 1.25033 0.774881 -0.579592 0.224587 -0.109822 0.399564 0.0687360 -0.435583 1.25478 0.397358 0.0771649
10.9120 -0.437903 1.23804 0.761380 -0.537357 0.226411 -0.106010 0.400563 0.0733525 -0.420438 1.24347 0.398229 0.0812619
10.9340 -0.421314 1.22670 0.746494 -0.493507 0.228138 -0.102240 0.401347 0.0780341 -0.405592 1.23293 0.398927 0.0853917
10.9560 -0.405067 1.21634 0.730290 -0.448125 0.229769 -0.0985202 0.401913 0.0827704 -0.387488 1.22089 0.399556 0.0905892
10.9780 -0.389191 1.20699 0.712814 -0.401304 0.231304 -0.0948600 0.402261 0.0875508 -0.373392 1.21219 0.399863 0.0947664
